Bailout 1 & 2 16 0.00006103515625
Limit: 17

Samples: 144
Origin:(-0.37218073, -0.19207686, -0.99417883)
Cam_Pos:(-0.37218073, -0.19207686, -0.99417883)
Cam_U:(0.63202727, 0.7229927, 0.27896798),Cam_F:(0.2375236, -0.5233891, 0.81831926)
Zoom:0.19784466890013488
ftime:0.00
0.22|0.001|119.45|4.98|0.2|0.04|8|10|1.7|1|13.35|-13.7|2.7|0|0|0.4|2.5|4.5|5|12.6|-8|1|1|1|2401.15|12800|-5|1|1|3.72|1|1|1.24|113.98|1|1|1|1|1|1|1.01|1|1|0.987|1|1|0|2|1.98|0.9|2|0.25|3|2.25|49.81|1.62|-5.9|-0.1|-12.5|2|2|2|600|1201.66|