Bailout 1 & 2 16 0.00006103515625
Limit: 17

Samples: 144
Origin:(0.0026905313, -0.47572464, -1.572104)
Cam_Pos:(0.0026905313, -0.47572464, -1.572104)
Cam_U:(0, 1, 0),Cam_F:(0, 0, 1)
Zoom:0.9999999999999996
ftime:0.00
0.22|0.001|119.45|4.98|0.1|0.03|8|10|1.7|1|6|13.77|1.31|-2.52|-0.7|0|2.5|4.5|5|12.6|-8|1|1|1|2401.15|12800|-5|1|1|3.72|1|1|1.24|113.98|1|1|1|1|1|1|1.01|1|1|0.987|1|1|0|2|1.98|0.9|2|0.25|3|2.25|49.81|1.62|6.59|-3.31|-11.06|2|2|2|600|1201.66|