Bailout 1 & 2 16 0.00006103515625
Limit: 17

Samples: 144
Origin:(-0.38413453, 0.15860352, -2.0870245)
Cam_Pos:(-0.38413453, 0.15860352, -2.0870245)
Cam_U:(0.5966079, 0.79770535, 0.087892696),Cam_F:(0.09846166, -0.18144867, 0.9784588)
Zoom:0.8264462809917346
ftime:27100.49
0.22|0.001|119.45|4.98|0.1|0.02|16|10|1.7|1|13.35|-8.7|2.35|0|0|0|2.5|4.5|5|12.6|-8|1|1|1|2401.15|12800|-5|1|1|3.72|1|1|1.24|113.98|1|1|1|1|1|1|1.01|1|1|0.987|1|1|0|2|1.98|0.9|2|0.25|3|2.25|49.81|1.62|-0.7|-0.7|-3.2|2|2|2|600|1201.66|